#camera 和 tcp 的关系 --
camera:
  x: -0.0240785
  y: 0.183801
  z: 0.495747
  rx: -3.00009
  ry: 0.0952431
  rz: 2.80206

tool:
  x: 0.0
  y: 0.0
  z: 0.0
  rx: 0.0
  ry: 0.0
  rz: 0.0


y_min: -0.015
y_max: 0.015
z_min: -0.035
z_max: 0.015
percentile_low: 0.333
percentile_high: 0.666
number_points_threshold: 25
no_detection_count_threshold: 3

y_min_f: -0.002
y_max_f: 0.007
